982
1566
1573
1583
1593
1625
1706
3596
3662
3740
3903
3973
3980
4223
4346
4347
4348
4349
4350
4411
4549
4940
5744
5798
5799
5801
5821
5996
6021
6022
6073
6077
6091
6192
6194
6240
6306
6310
6312
6313
6317
6450
6532
6665
6819
6931
7027
7073
7187
7303
7419
7566
7612
7668
7718
7736
7757
7758
7759
7803
7854
7990
8034
8110
8159
8164
8178
8180
8200
8203
8208
8209
11447
11519
11520
11522
11523
11524
11600
11695
11697
11723
11752
11832
11838
11853
11858
11873
11885
11912
11966
11967
11982
12013
12073
12130
12153
12191
12193
12263
12285
12312
12443
12476
12509
12510
12511
12547
12621
12632
12634
12685
12740
12780
12870
12878
12881
12893
12899
12918
12919
12937
12958
12967
12968
12969
12970
12971
12975
12999
13076
13083
13086
13099
13143
13144
13206
13216
13220
13224
13225
13254
13453
13598
13615
13753
13767
13777
13783
13851
13929
13940
13954
13994
14269
14274
14276
14346
14447
14479
14620
14682
14703
14718
14732
14737
14794
14798
14800
14801
14820
14821
14828
14830
14837
14838
14842
14864
14865
14883
14887
14889
14955
15061
15162
15209
15251
15268
15424
15431
15476
15510
15756
16198
16209
16675
16921
17585
20294
20318
20321
20511
20514
20549
20626
20630
20634
20698
20824
20837
20900
20919
20958
20973
21129
21157
21167
21294
21298
21331
21351
21415
21416
21429
21558
21687
21702
21741
21742
21838
21872
21978
22097
22104
22116
22144
22157
22177
22211
22292
22294
22329
22335
22457
22458
22568
22569
22573
22615
22638
22679
22831
22832
22858
22963
22966
22970
22980
22982
22995
23015
23158
23201
23237
23244
23387
23661
23757
23764
23832
23927
23996
23999
24000
24002
24037
24047
24048
24049
24050
24057
24099
24104
24121
24123
24145
24161
24217
24253
24257
24345
24354
24362
24369
24388
24414
24415
24429
24460
24501
24577
24600
24650
24840
25026
25033
25035
25107
25116
25186
25197
25213
25219
25221
25230
25243
25247
25248
25267
25407
25513
25526
25551
25584
25589
25624
25667
25672
25813
25823
25835
25838
25849
25882
25886
25935
25960
26020
26039
26063
26155
26237
26291
26292
26293
26372
26382
26448
26481
26518
26531
26536
26537
26542
26543
26544
26545
26550
26560
26565
26574
26816
26868
26948
26958
26961
26972
26974
26990
26998
27061
27086
27088
27163
27208
27212
27236
27302
27391
27416
27417
27466
27496
27501
27529
27537
27546
27559
27564
27582
27622
27664
27743
27795
27819
27824
27826
27828
27896
27916
27980
27982
27983
27990
27997
28009
28024
28026
28065
28073
28110
28157
28168
28178
28224
28249
28269
28296
28315
28355
28364
28394
28416
28420
28421
28466
28480
28485
28494
28528
28595
28614
28616
28661
28706
28708
28724
28725
28727
28728
28768
28802
28806
28807
28833
28855
28876
28885
28889
28895
28905
28906
28907
28909
28911
28924
28925
28933
28935
28941
28942
28950
28955
28969
28977
28978
28984
28985
29013
29025
29050
29082
29100
29107
29138
29193
29200
29219
29220
29222
29257
29258
29263
29269
29295
29311
29318
29382
29499
29507
29522
29531
29546
29612
29627
29648
29668
29685
29687
29749
29760
29800
29885
29886
29923
29924
29943
30045
30096
30120
30166
30179
30259
30333
30335
30336
30337
30338
30339
30359
30360
30442
30469
30471
30473
30649
30690
30836
30890
30989
31017
31077
31165
31283
31407
31412
31413
31414
31415
31497
31499
31552
31579
31600
31664
31720
31808
32051
32117
32126
32174
32428
32468
32552
32594
32653
32666
32791
32862
32903
32906
32916
33040
33104
33159
33284
33291
33385
34085
34447
34726
35127
35362
35684
35844
36064
36111
36313
36345
36371
36387
36389
36420
36429
37108
37963
37964
38017
38029
38092
38103
38161
38207
38211
38221
38260
38266
38298
38340
38342
38355
38459
38466
38539
38609
38616
38695
38731
38746
38762
38778
38918
38924
38931
38957
38959
39102
39140
39142
39154
39169
39202
39209
39234
39242
39305
39565
39572
39670
39709
39710
39713
39781
39804
39995
40047
40204
40207
40288
40289
40314
40318
40329
40350
40408
40423
40495
40496
40497
40504
40507
40651
40697
40700
40703
40751
40755
40761
40763
40764
40765
40766
40767
40768
40769
40770
40771
40772
40773
40774
40776
40777
40779
40780
40783
40785
40786
40787
40789
40790
40791
40792
40793
40795
40796
40797
40798
40799
40800
40803
40805
40806
40807
40808
40835
40881
40883
40884
40886
40887
40892
40894
40895
40896
40898
40913
40919
40945
40949
40996
41041
41042
41131
41133
41135
41136
41137
41139
41140
41141
41142
41198
41232
41263
41389
41408
41412
41424
41428
41475
41485
41487
41519
41522
41524
41539
41555
41560
41644
41711
41821
41877
41906
42042
42050
42051
42054
42056
42115
42119
42122
42158
42160
42219
42231
42232
42233
42234
42235
42236
42238
42298
42333
42409
42445
42463
42509
42520
42552
42617
42727
42848
42940
42972
43009
43012
43107
43274
43283
43287
43331
43337
43379
43389
43393
43487
43488
43523
43539
43547
43565
43590
43591
43592
43593
43594
43595
43596
43598
43619
43661
43664
43714
43715
43716
43717
43794
43820
43849
43850
43852
43855
43863
43867
43869
43870
43873
43875
43896
43947
43963
43968
43973
44047
44081
44131
44162
44232
44310
44747
44752
44756
44760
44979
45067
45087
45134
45157
45159
45161
45162
45296
45312
45315
45316
45317
45318
45320
45321
45386
45473
45479
45486
45491
45492
45493
45494
45495
45511
45517
45521
45560
45587
45637
45666
45713
45730
45765
45767
45784
45883
45884
45887
45910
45915
45922
45942
45943
45973
46006
46016
46020
46037
46079
46198
46230
46308
46313
46315
46333
46347
46348
46358
46359
46496
46601
46604
46610
46629
46726
46734
46736
46755
46784
46795
46831
46832
46862
47003
47042
47059
47103
47108
47110
47221
47270
47313
47330
47471
47536
47559
47566
47576
47590
47595
47598
47613
47646
47696
47748
47778
47805
47817
47885
47888
47900
47949
47955
48022
48023
48040
48161
48167
48346
48394
48400
48473
48529
48539
48542
48553
48554
48556
48574
48596
48615
48616
48623
48631
48632
48691
48695
48719
48721
48733
48735
48737
48743
48755
48782
48784
49101
49108
49110
49147
49158
49163
49164
49176
49194
49208
49209
49211
49233
49253
49304
49463
49464
49488
49490
49501
49555
49596
49657
49674
49677
49682
49692
49703
49717
49720
49753
49831
49872
49885
49890
49895
49968
49974
49977
49979
50005
50007
50018
50023
50028
50040
50041
50051
50060
50076
50078
50106
50111
50134
50136
50137
50139
50155
50156
50167
50221
50242
50273
50279
50293
50294
50296
50300
50301
50305
50308
50342
50343
50344
50345
50346
50379
50384
50397
50398
50412
50413
50414
50417
50421
50422
50423
50445
50456
50459
50460
50465
50486
50561
50562
50626
50630
50648
50667
50676
50683
50701
50702
50706
50707
50708
50738
50826
50828
50843
50871
50889
50911
50936
50943
50944
50978
51028
51033
51046
51054
51089
51102
51125
51140
51172
51201
51213
51223
51291
51306
51333
51337
51390
51399
51400
51403
51428
51445
51538
51616
51652
51653
51695
51708
51711
51723
51732
51740
51742
51745
51746
51747
51808
51811
51837
51886
51907
51931
52010
52067
52115
52116
52124
52127
52128
52129
52136
52201
52218
52284
52294
52301
52335
52348
52409
52452
52457
52503
52561
52564
52622
52632
52668
52673
52677
52679
52746
52750
52794
52859
52885
52886
52913
52937
52950
52954
52986
53012
53078
53120
53121
53159
53180
53231
53232
53234
53317
53323
53400
53449
53498
53530
53550
53690
53712
53726
53808
53822
53824
53826
53844
53879
53956
53971
53975
53981
54043
54093
54165
54356
54364
54370
54377
54394
54401
54433
54435
54560
54690
54773
54934
54970
55006
55039
55098
55147
55152
55166
55337
55351
55354
55362
55377
55382
55391
55398
55422
55423
55424
55429
55430
55431
55462
55491
55719
55776
55810
55832
55838
55886
55902
55911
55920
55958
55977
56053
56468
56481
56521
56525
56562
56567
56579
56615
56768
56799
56800
56817
56848
56933
57047
57152
57166
57189
57204
57237
57273
57294
57361
57427
57493
57617
57630
57704
57715
57724
57725
57727
57729
57730
57731
57732
57738
57739
57740
57741
57742
57743
57744
57746
57758
57779
57787
57788
57789
57790
57791
57792
57793
57795
57796
57797
57798
57799
57801
57802
57811
57834
57841
57951
57955
57957
58050
58069
58087
58104
58125
58247
58248
58286
58383
58450
58478
58697
58786
58793
58861
58963
58988
59003
59034
59039
59042
59236
59801
59802
59926
59971
60237
60285
60293
60295
60399
62072
62262
62439
62491
62577
62734
62752
62786
63009
63082
63135
63175
63207
63243
63250
63296
63303
63449
63598
63618
63659
63771
63911
64163
64169
64193
64293
64296
64383
64388
64432
64505
64599
64613
64674
64712
64766
65012
65055
65074
65083
65163
65196
65225
65305
65540
65542
65557
65563
65595
65598
65633
65663
66083
66232
66309
66458
66497
66580
66878
66880
67006
67105
67141
67380
67391
67395
67460
67573
67633
67634
67650
67668
67676
67819
67943
67954
68045
68051
68073
68077
68090
68121
68129
68132
68197
68330
68336
68365
68366
68379
68419
68477
68486
68487
68489
68508
68514
68551
68587
68588
68648
68680
68692
68696
68707
68719
68725
68735
68784
68786
68787
68825
68847
68870
68877
68879
68880
68881
68882
68884
68886
68888
68889
68920
68923
68996
69011
69022
69048
69064
69217
69221
69270
69297
69397
69418
69419
69433
69456
69485
69560
69579
69582
69583
69589
69590
69591
69592
69593
69594
69606
69610
69611
69682
69707
69719
69737
69784
69788
69789
69818
69820
69884
69934
69957
70061
70065
70088
70097
70131
70223
70231
70338
70339
70340
70342
70391
70407
70490
70511
70645
70695
70725
70812
70857
70858
70872
70907
70908
71033
71042
71072
71099
71103
71156
71157
71172
71182
71185
71189
71190
71191
71192
71206
71277
71297
71303
71304
71329
71332
71342
71403
71405
71406
71454
71465
71468
71469
71491
71511
71546
71589
71689
71692
71722
71730
71864
71932
71933
71948
71967
72002
72039
72051
72073
72104
72187
72207
72215
72224
72235
72238
72253
72295
72299
72426
72671
72691
72727
72743
72745
72920
72964
72965
72966
72981
73034
73112
73113
73132
73173
73200
73221
73247
73253
73278
73385
73417
73500
73532
73594
73705
73716
73861
73904
73921
73971
74041
74066
74115
74181
74184
74225
74234
74272
74344
74350
74548
74576
74795
74805
74843
74870
74963
75045
75078
75095
75096
75098
75099
75102
75104
75106
75108
75109
75111
75154
75161
75162
75182
75189
75197
75214
75228
75230
75242
75388
75491
75762
75884
75979
75988
75991
76043
76084
76090
76100
76106
76107
76108
76111
76114
76131
76132
76151
76164
76167
76185
76248
76288
76335
76368
76386
76406
76420
76421
76464
76484
76485
76525
76528
76617
76671
76681
76687
76690
76701
76750
76756
76758
76905
77053
77078
77108
77156
77401
77411
77416
77446
77448
77454
77471
77480
77630
77654
77692
77698
77704
77717
77745
77746
77846
77847
77850
78060
78063
78064
78066
78067
78068
78159
78209
78228
78253
78271
78325
78332
78340
78407
78417
78434
78441
78464
78658
78675
78686
78693
78715
78716
78808
78865
78870
78871
78915
78956
79033
79036
79039
79067
79155
79201
79254
79337
79364
79528
79530
79538
79542
79544
79548
79601
79605
79620
79767
79775
79780
79821
79828
79841
79867
79871
79874
79876
79918
79943
79967
80145
80147
80233
80304
80327
80341
80356
80392
80498
80499
80500
80544
80556
80660
80758
80831
80869
80968
80974
80977
81114
81145
81156
81166
81174
81369
81370
81371
81379
81381
81447
81469
81478
81482
81551
81586
81627
81635
81676
81752
81758
81825
82125
82131
82172
82354
82369
82371
82373
82375
82378
82390
82430
82433
82448
82457
82458
82473
82502
82508
82525
82542
82571
82572
82622
82638
82645
82647
82702
82703
82711
82723
82740
82746
82749
82751
82762
82831
82833
82864
82907
82908
82914
82916
82917
82918
82919
82920
82922
82925
82959
83009
83082
83090
83097
83130
83185
83205
83216
83237
83248
83273
83399
83415
83416
83495
83503
83638
83648
83652
83738
83801
83810
83838
83844
83875
83876
83903
83917
83944
83945
83946
83949
83959
84010
84011
84020
84047
84049
84055
84106
84112
84128
84180
84195
84238
84265
84310
84412
84439
84443
84483
84589
84629
84663
84689
84692
84802
84844
84864
84886
84890
84893
84907
84950
84955
85002
85006
85076
85235
85246
85270
85304
85308
85310
85364
85485
85502
85513
85525
85537
85592
85596
85597
85646
85647
85689
85694
85699
85723
85733
85739
85757
85785
85848
85854
85890
85892
85896
85898
85899
85900
85928
85934
85936
85937
85943
85944
85948
85959
85961
85962
85963
85986
86037
86040
86053
86062
86063
86065
86180
86199
86200
86201
86202
86203
86204
86205
86206
86207
86208
86213
86214
86250
86286
86297
86327
86349
86378
86385
86422
86424
86475
86480
86483
86509
86524
86549
86565
86577
86591
86600
86602
86615
86620
86711
86713
86730
86757
86775
86829
86833
86909
87010
87052
87056
87067
87113
87116
87118
87154
87216
87260
87395
87409
87423
87436
87455
87461
87478
87524
87586
87597
87610
87649
87763
87769
87929
87937
87957
87963
87964
87966
88006
88114
88119
88191
88378
88380
88386
88387
88388
88392
88393
88394
88398
88419
88422
88425
88455
88484
88499
88551
88552
88587
88590
88604
88641
88642
88643
88656
88660
88695
88721
88723
88738
88743
88753
88787
88788
88805
88807
88871
88880
88907
88973
88985
88986
88987
89157
89164
89228
89229
89268
89309
89372
89373
89441
89598
89613
89627
89657
89669
89677
89682
89713
89762
89780
89818
89822
89827
89870
89876
89890
89921
89972
90031
90142
90143
90186
90230
90238
90290
90323
90342
90415
90420
90471
90497
90520
90561
90671
90732
90733
90742
90744
90746
90832
90843
90862
90905
90958
90972
90986
91033
91083
91088
91094
91120
91134
91177
91188
91194
91215
91254
91258
91261
91274
91286
91374
91406
91419
91460
91478
91485
91495
91503
91545
91550
91589
91591
91616
91648
91651
91655
91665
91666
91669
91700
91713
91745
91814
91838
91848
91849
91851
91885
91909
91938
91976
91986
91988
92013
92033
92123
92164
92211
92220
92256
92257
92279
92286
92287
92289
92344
92347
92360
92442
92469
92472
92532
92562
92569
92584
92636
92647
92694
92695
92696
92697
92698
92734
92768
92822
92850
92855
92909
92910
92911
92930
92975
93030
93039
93056
93091
93094
93100
93102
93109
93170
93199
93200
93201
93202
93203
93205
93206
93209
93229
93238
93362
93387
93400
93403
93405
93408
93441
93442
93453
93506
93616
93620
93630
93635
93712
93738
93747
93764
93770
93785
93810
93815
93827
93888
93931
94073
94079
94081
94113
94116
94126
94139
94142
94146
94242
94246
94247
94324
94357
94359
94389
94399
94433
94434
94448
94450
94463
94473
94477
94480
94501
94529
94535
94536
94537
94559
94572
94576
94598
94599
94600
94601
94602
94625
94630
94651
94653
94665
94701
94718
94801
94803
94824
94846
94855
94856
94861
94862
94865
94881
94895
94913
94914
94965
94969
95136
95174
95175
95184
95194
95202
95291
95298
95330
95346
95374
95382
95480
95585
95587
95588
95618
95638
95667
95698
95699
95775
95838
95846
95902
95903
95911
95912
95918
95920
95923
95924
95925
95926
95972
95978
96033
96036
96041
96045
96325
96354
96355
96457
96460
96469
96525
96576
96603
96676
96713
96716
96717
96723
96771
96801
96824
96872
96905
96907
96908
96913
96916
96917
96918
96954
96959
96965
97009
97045
97054
97061
97062
97064
97070
97114
97151
97156
97191
97338
97447
97470
97491
97505
97564
97583
97589
97621
97679
97684
97696
97721
97849
97934
97936
97940
97980
97988
97990
97999
98085
98107
98108
98109
98146
98185
98227
98242
98294
98299
98304
98315
98375
98378
98426
98429
98430
98441
98445
98447
98469
98487
98503
98507
98518
98521
98522
98523
98526
98527
98528
98529
98530
98531
98532
98535
98553
98565
98576
98588
98623
98627
98629
98630
98718
98735
98739
98819
98841
98876
98882
98926
98985
99024
99054
99076
99083
99096
99142
99193
99194
99196
99205
99209
99218
99219
99224
99251
99258
99308
99317
99337
99390
99431
99474
99475
99507
99508
99521
99539
99551
99556
99579
99588
99629
99637
99639
99670
99749
99787
99790
99797
99800
99850
99861
99864
99869
99878
99954
99955
99956
99985
99987
99988
99992
100002
100011
100040
100082
100118
100133
100134
100136
100139
100145
100188
100191
100192
100203
100208
100256
100280
100292
100348
100351
100398
100681
100685
100687
100688
100748
100780
100864
100870
100911
100918
100932
100933
100946
100963
100972
100990
100996
100998
100999
101001
101136
101151
101159
101203
101217
101221
101225
101260
101276
101277
101278
101299
101300
101316
101322
101324
101394
101455
101515
101559
101562
101626
101627
101647
101648
101652
101653
101659
101666
101702
101710
101735
101737
101763
101850
101851
101871
101923
101940
101954
101973
102011
102033
102156
102195
102219
102220
102222
102227
102279
102337
102344
102349
102376
102394
102395
102396
102397
102398
102401
102455
102475
102538
102545
102587
102634
102686
102695
102703
102741
102769
102773
102774
102821
102910
102957
103007
103017
103021
103026
103100
103175
103472
104171
104916
104930
104940
105002
105004
105012
105097
105161
105167
105191
105241
105308
105309
105355
105358
105361
105714
105721
105732
105748
105841
105842
105905
105963
106051
106083
106087
106097
106099
106113
106114
106116
106178
106252
106287
106296
106297
106311
106387
106407
106415
106416
106463
106536
106607
106618
106624
106626
106627
106628
106631
106637
106642
106647
106654
106662
106665
106678
106698
106712
106750
106765
106781
106782
106799
106809
106837
106865
106907
107087
107099
107122
107123
107124
107125
107126
107127
107186
107203
107204
107221
107222
107239
107384
107543
107559
107617
107649
107691
107707
107800
107816
107930
108198
108293
108375
108394
108397
108415
108430
108539
108577
108578
108581
108582
108583
108584
108585
108704
108740
108744
108745
108805
108818
108855
108862
108928
108953
108964
108969
108972
108978
109140
109185
109187
109200
109209
109230
109259
109318
109321
109329
109332
109346
109363
109377
109394
109443
109507
109508
109509
109512
109514
109557
109560
109683
109745
109766
109767
109768
109773
110031
110212
110232
110252
110278
110313
110315
110326
110334
110355
110366
110376
110408
110427
110482
110522
110545
110554
110579
110749
110754
110795
110848
110918
110926
110941
111241
111259
111277
111289
111291
111342
111343
111353
111354
111401
111406
111456
111533
111590
111689
111768
111776
111797
111820
111874
111984
111995
112036
112095
112160
112279
112306
112321
112416
112424
112450
112478
112505
112667
112725
112726
112727
112731
112734
112747
112767
112817
112838
112840
112882
113060
113065
113380
113412
113413
113414
113416
113417
113418
113419
113423
113430
113438
113462
113463
113708
113750
114326
114390
114508
114511
114530
114539
114543
114566
114575
114582
114583
114593
114595
114635
114661
114670
114725
114826
115002
115008
115016
115039
115054
115083
115132
115137
115142
115161
115371
115441
115568
115703
115790
115817
115840
115902
115932
116002
116140
116161
116203
116216
116226
116227
116255
116265
116305
116335
116336
116343
116390
116395
116412
116440
116443
116474
116491
116532
116664
116785
116788
116879
117120
117278
117319
117417
117581
117628
117632
117655
117684
117685
117754
117790
117835
117843
117858
117865
117877
117918
117919
117936
117944
117978
117990
117993
117995
117996
118077
118089
118146
118148
118159
118188
118213
118215
118216
118217
118232
118269
118482
118579
118580
118648
118654
118815
118842
118914
118972
119040
119041
119062
119148
119176
119179
119202
119252
119274
119309
119317
119358
119394
119454
119458
119472
119486
119506
119616
119639
119747
119774
119805
119902
119906
119907
119912
119919
119990
119991
119997
119998
120015
120018
120146
120289
120848
120853
120859
120871
120872
120873
120882
120887
120890
120891
120892
120894
120895
120896
120899
120901
120905
120910
120912
120914
120915
120917
120918
120919
120920
120922
120924
120925
120927
120928
120932
120934
120935
120940
120944
120948
120957
120959
120961
120964
120973
120977
120979
120982
120983
120995
120999
121000
121003
121004
121005
121006
121007
121008
121009
121010
121011
121012
121013
121015
121016
121019
121022
121023
121024
121025
121029
121031
121037
121039
121045
121046
121051
121055
121062
121064
121067
121068
121069
121070
121071
121073
121081
121086
121087
121088
121090
121092
121097
121099
121105
121112
121117
121128
121129
121131
121133
121135
121146
121149
121151
121153
121154
121155
121160
121161
121162
121163
121164
121165
121167
121172
121177
121178
121179
121182
121184
121189
121190
121192
121193
121194
121198
121201
121208
121212
121218
121219
121220
121221
121222
121223
121224
121226
121233
121235
121241
121250
121251
121252
121258
121259
121260
121265
121271
121276
121278
121279
121285
121286
121298
121304
121308
121309
121312
121314
121316
121318
121319
121320
121321
121322
121326
121330
121333
121334
121336
121337
121338
121505
121507
121521
121522
121525
121530
121531
121533
121539
121540
121541
121542
121544
121545
121551
121556
121560
121564
121566
121567
121569
121571
121572
121573
121578
121587
121588
121590
121591
121592
121593
121594
121595
121600
121604
121606
121608
121609
121610
121611
121612
121613
121614
121615
121617
121619
121620
121621
121622
121625
121626
121634
121635
121639
121641
121642
121643
121645
121649
121650
121653
121655
121657
121662
121670
121671
121672
121674
121676
121677
121678
121685
121686
121687
121688
121689
121690
121691
121692
121693
121695
121696
121699
121701
121702
121704
121706
121707
121708
121709
121710
121712
121715
121716
121717
121718
121719
121720
121721
121722
121723
121724
121725
121726
121727
121728
121729
121730
121731
121732
121733
121734
121735
121737
121742
121744
121746
121750
121752
121753
121754
121755
121757
121759
121760
121761
121763
121764
121765
121766
121767
121768
121769
121771
121772
121773
121774
121779
121782
121783
121787
121788
121789
121790
121792
121793
121794
121796
121797
121799
121800
121804
121805
121806
121808
121809
121810
121816
121817
121824
121825
121827
121833
121834
121837
121838
121840
121841
121842
121843
121844
121851
121852
121853
121854
121855
121856
121857
121858
121861
121862
121867
121868
121869
121870
121871
121873
121874
121875
121878
121880
121881
121882
121884
121885
121887
121888
121889
121896
121897
121900
121901
121902
121904
121907
121909
121913
121915
121917
121918
121926
121927
121929
121931
121934
121936
121939
121940
121941
121942
121943
121944
121945
121946
121949
121952
121954
121955
121957
121959
121960
121963
121965
121968
121970
121971
121973
121974
121977
121980
121981
121982
121983
121984
121985
121986
121987
121988
121989
121990
121991
121992
121994
121995
121996
121997
121998
121999
122001
122002
122007
122009
122010
122014
122016
122017
122018
122027
122032
122033
122036
122037
122038
122040
122042
122045
122046
122047
122050
122053
122054
122055
122056
122058
122059
122065
122069
122072
122074
122075
122080
122088
122089
122091
122092
122093
122094
122095
122096
122097
122098
122099
122100
122101
122102
122107
122110
122113
122120
122128
122131
122134
122144
122145
122146
122151
122152
122153
122155
122156
122162
122164
122166
122167
122169
122170
122172
122173
122176
122183
122184
122191
122192
122193
122194
122196
122197
122201
122202
122203
122204
122206
122210
122216
122217
122218
122219
122220
122221
122223
122227
122233
122244
122246
122247
122248
122254
122257
122258
122262
122263
122266
122267
122270
122271
122273
122275
122278
122280
122281
122283
122284
122286
122287
122288
122289
122291
122297
122299
122300
122302
122303
122307
122310
122311
122313
122314
122318
122323
122324
122326
122327
122328
122329
122334
122335
122342
122343
122345
122348
122349
122357
122365
122368
122372
122373
122374
122375
122377
122378
122385
122387
122390
122391
122394
122395
122398
122402
122404
122406
122407
122408
122418
122422
122425
122426
122429
122432
122433
122438
122440
122441
122443
122446
122449
122453
122455
122458
122459
122461
122471
122472
122473
122475
122477
122478
122479
122480
122481
122486
122489
122492
122495
122497
122499
122501
122502
122506
122507
122509
122510
122511
122527
122528
122530
122531
122538
122546
122547
122549
122552
122553
122554
122555
122556
122557
122564
122565
122567
122568
122573
122574
122583
122585
122586
122592
122595
122597
122608
122610
122618
122620
122626
122632
122635
122640
122642
122643
122646
122647
122648
122649
122650
122651
122652
122655
122657
122662
122663
122665
122666
122668
122670
122681
122689
122698
122700
122701
122702
122715
122723
122724
122733
122734
122735
122741
122743
122748
122749
122756
122758
122761
122763
122764
122766
122771
122775
122776
122777
122779
122782
122787
122795
122798
122799
122801
122814
122818
122819
122823
122827
122838
122839
122840
122841
122843
122844
122848
122854
122857
122858
122859
122860
122866
122867
122868
122873
122875
122876
122877
122878
122879
122881
122882
122883
122885
122889
122892
122893
122897
122900
122902
122904
122913
122933
122934
122935
122938
122940
122948
122952
122953
122965
122968
122971
122982
122984
123000
123007
123020
123027
123043
123046
123047
123048
123049
123051
123052
123057
123059
123064
123065
123066
123072
123074
123080
123084
123085
123103
123107
123108
123113
123117
123119
123123
123125
123127
123165
123176
123201
123236
123237
123238
123239
123245
123248
123266
123268
123276
123312
123319
123321
123342
123349
123394
123395
123396
123399
123449
123470
123475
123524
123535
123553
123575
123576
123580
123600
123601
123603
123642
123658
123676
123691
123711
123713
123715
123720
123732
123743
123769
123790
123870
124044
124091
124102
124167
124189
124212
124240
124242
124243
124261
124269
124279
124294
124314
124315
124317
124318
124319
124321
124326
124339
124340
124341
124343
124345
124382
124383
124409
124456
124459
124464
124469
124471
124472
124544
124552
124566
124567
124593
124613
124625
124627
124638
124694
124702
124709
124734
124745
124759
124760
124787
124796
124797
124798
124861
124864
124865
124873
124907
124916
124928
125024
125027
125065
125207
125390
125418
125616
125617
125622
125640
125641
125784
125791
125867
125870
125917
125976
126010
126028
126034
126064
126085
126117
126118
126124
126186
126187
126254
126297
126304
126322
126325
126365
126386
126390
126403
126434
126453
126467
126468
126472
126480
126524
126540
126551
126555
126568
126583
126615
126660
126661
126682
126706
126827
130936
130937
130953
130984
131046
132951
136613
138210
138522
139372
141123
141433
141877
142319
144014
144783
145152
145502
145677
146148
147625
148574
149896
150507
151919
152744
152858
204072
212886
215071
215665
216003
217095
217430
217486
217561
217720
217966
218003
218080
218092
218126
218178
218198
218201
218224
218273
218376
218388
218390
218391
218432
218555
218585
218627
218698
218798
218842
218843
218895
218897
218899
218901
218984
219002
219038
219057
219105
219107
219108
219162
219172
219197
219320
219355
219362
219364
219368
219369
219370
219425
219442
219457
219460
219494
219505
219506
219561
219601
219604
219619
219667
219734
219744
219747
219772
219816
219830
219832
219882
219884
219934
219973
219976
220118
220155
220179
220255
220400
220409
220413
220423
220534
220581
220595
220624
220626
220627
220655
220656
220677
220750
220881
220883
220884
220895
220922
220986
221081
221106
221118
221181
221192
221273
221278
221299
221341
221354
221572
221595
221623
221677
221780
221784
221895
221909
222012
222021
222025
222033
222035
222075
222312
222379
222380
222422
222424
222499
222529
222587
222627
222628
222630
222631
222634
222681
222708
222799
222811
222917
222944
223005
223019
223147
223162
223314
223317
223319
223331
223400
223402
223533
223610
223667
223723
223736
223737
223742
223770
223821
223835
223867
223870
223934
223951
224031
224094
224177
224189
224255
224259
224290
224370
224404
224415
224513
224523
224547
224582
224622
224673
224674
224685
224714
224800
224952
225014
225145
225200
225280
225302
225307
225383
225468
225489
225632
225638
225652
225706
225707
225710
225832
225834
225836
225837
225839
225857
226067
226104
226129
226171
226189
226396
226414
226461
226466
226486
226574
226582
226706
226835
226841
226843
226868
226952
227018
227039
227040
227312
227340
227361
227393
227399
227444
227460
227465
227514
227583
227628
227635
227678
227733
227743
227826
227887
227916
227964
228000
228017
228022
228072
228092
228107
228121
228138
228168
228206
228281
228292
228305
228306
228492
228515
228530
228557
228586
228610
228774
228776
228804
228956
229035
229152
229211
229270
229362
229372
229387
229392
229430
229434
229521
229528
229622
229670
229673
229701
229710
229726
229748
229817
229822
229849
229897
229901
229910
229919
229984
229997
229999
230072
230073
230162
230218
230220
230221
230223
230231
230233
230276
230294
230323
230332
230334
230350
230351
230355
230356
230382
230389
230397
230414
230421
230528
230532
230624
230707
230820
230964
230975
231016
231112
231113
231117
231163
231173
231177
231183
231419
231439
231480
231590
231606
231619
231644
231663
231666
231682
231793
231794
231856
232020
232060
232241
232243
232249
232305
232368
232973
232980
233012
233013
233059
233139
233159
233198
233209
233314
233331
233348
233363
233368
233370
233377
233380
233648
233659
233735
233746
233855
233856
233891
233893
234119
234189
234278
234321
234373
234416
234434
234450
234505
234619
234629
234648
234685
234733
234829
234855
234889
234911
235102
235141
235264
235271
235314
235364
235394
235460
235479
235485
235542
235595
235602
235609
235612
235613
235615
235653
235673
235699
235740
235857
235866
236015
236016
236063
237011
237089
237091
237191
237197
237199
237201
237219
237220
237222
237233
237237
237239
237254
237256
237267
237275
237290
237298
237302
237303
237310
237322
238186
238222
238277
238352
238379
238437
238488
238497
238513
238581
238582
238583
238584
238638
238648
239008
239193
240682
240755
240859
241011
241524
241566
241572
241575
241578
241583
241584
241663
241696
241729
241815
241873
242358
242361
242381
242410
242538
242539
242558
242585
242605
242630
242786
242812
242845
242888
242904
242940
242945
242948
242956
242965
242971
242977
243061
243108
243122
243123
243125
243126
243130
243131
243132
243166
243167
243183
243189
243290
243303
243359
243380
243387
243402
243405
243418
243530
243537
243538
243545
243576
243578
243616
243628
243708
243767
243768
243771
243818
243845
243886
243901
243902
243950
243955
243967
243970
243984
243985
244003
244037
244050
244064
244109
244118
244128
244130
244170
244196
244208
244239
244275
244278
244279
245562
245901
245917
246091
246154
246258
246764
246766
247022
250319
251742
261652
262568
262572
263662
263663
265812
265842
266236
266238
266240
266288
266390
266392
266393
266394
266398
266401
266403
266474
266479
269394
270424
270493
270872
271224
271242
277060
277158
281630
281642
281790
281911
281914
281917
283831
283988
285914
285918
286642
288565
289987
294778
294813
297615
302014
304811
308695
312996
313011
313034
313111
313127
313189
313232
313551
313567
313590
313716
313858
313920
314084
314220
314451
314452
314526
314537
314548
314551
314560
314562
314563
314600
314670
314674
314676
314751
314771
314788
314826
314827
314922
314931
314933
314940
314942
315101
315161
315214
315215
315283
315387
315408
315416
315418
315421
315423
315497
315613
315635
315647
315664
315665
315708
315711
315861
315932
316032
316063
316086
316165
316344
316462
316602
316604
316620
316658
316667
316674
316800
316819
316835
316907
316990
316994
317246
317285
317287
317432
317437
317438